               21-04-2015

29  25   675

60  45   1125

84  70   1645

109 97   2045
 
139 117  3000

                22-04-2015

27  21  460

51  36  930

73  62  1315

103 93  1940

113 110 2250
                 23-04-2015

21  17  430

60  55  1100

81  80  1460

108 101 2100
                24-04-2015

34  19  465

62  39  870

86  64  1390

119 93  1965

128 121 2135


             25-04-2015

43   22   535

100  39   1090

155  106  2345

186  29   2830


             26-04-2015

28   17   420

64   44   985
 
85   73   1625

148  131  2035

152  166  2110

              27-04-2015

30   26   290

64   59   880
          
83   82   3425

124  176  6205

144  199  6965

              28-05-2015
42   31   955

123  51   1410

143  68   1730

178  93   2260

209  120  2885

233  156  3530

240  164  3610

309  157  5960

              29-05-2015
20   31   605

42   50   890 

63   70   1850

88   98   2320

             30-04-2015

19   24   345 

42   50   715

71   66   1155

93   84   1595

134  115  2055

141  125  2180 


             01-05-2015

29   19   390

118  43   560

145  65   980

176  126  2585



